元智
無加權 [[8029, 0.9665699999999999], [10101, 0.9665699999999999], [8963, 0.93324], [14129, 0.9332399999999998], [6953, 0.9332399999999998]]
租金加權 [[8029, 0.983235], [10101, 0.983235], [8963, 0.9665699999999999], [14129, 0.9665699999999999], [6953, 0.9665699999999999]]
危險數加權 [[8029, 0.983235], [10101, 0.983235], [14129, 0.9665699999999999], [6953, 0.9665699999999999], [6124, 0.949905]]        
租金加權 [[8963, 0.9665699999999999], [8029, 0.93324], [10101, 0.93324], [6959, 0.93324], [6445, 0.93324]]
中央
無加權 [[8905, 0.9999], [3422, 0.9999], [3570, 0.9999], [3865, 0.9999], [4842, 0.9332400000000001]]
租金加權 [[8905, 0.9998999999999999], [3422, 0.9998999999999999], [3570, 0.9998999999999999], [3865, 0.9998999999999999], [4842, 0.916575]]
危險數加權 [[8905, 0.9999], [3422, 0.9999], [3570, 0.9999], [3865, 0.9999], [4842, 0.9665699999999999]]
租金加權 [[8905, 0.9998999999999999], [3422, 0.9998999999999999], [3570, 0.9998999999999999], [3865, 0.9998999999999999], [3713, 0.93324]] 
健行
無加權 [[14847, 0.9999], [15080, 0.9999], [13334, 0.9665699999999999], [13295, 0.93324], [13556, 0.9332399999999998]]
租金加權 [[14847, 0.9998999999999999], [15080, 0.9998999999999999], [13295, 0.9665699999999999], [13334, 0.93324], [13544, 0.916575]]
危險數加權 [[14847, 0.9999], [15080, 0.9999], [13334, 0.983235], [13556, 0.9665699999999999], [15165, 0.9165749999999999]]
租金加權 [[14847, 0.9998999999999999], [15080, 0.9998999999999999], [13334, 0.983235], [13295, 0.9665699999999999], [13556, 0.9665699999999999]]
中原
無加權 [[14891, 0.9999], [14715, 0.9665699999999999], [13478, 0.93324], [13570, 0.9332399999999998], [13467, 0.89991]]
租金加權 [[14891, 0.9998999999999999], [13478, 0.9665699999999999], [13570, 0.9665699999999999], [13467, 0.9499049999999999], [14715, 0.93324]]
危險數加權 [[14891, 0.9999], [14715, 0.983235], [13570, 0.9665699999999999], [13467, 0.949905], [14894, 0.93324]]
租金加權 [[14891, 0.9998999999999999], [14715, 0.983235], [13478, 0.9665699999999999], [13565, 0.949905], [14812, 0.949905]]